startx1: 23.98981
starty1: -9.93691
startx2: 27.22339
starty2: -11.27630
startPoseX: 23.31051
startPoseY: -16.14988
startPoseHeading: 1.17810
azimuth: 1.17810
