startx1: 22.83496
starty1: -9.45855
startx2: 28.37824
starty2: -11.75465
startPoseX: 23.31051
startPoseY: -16.14988
startPoseHeading: 1.17810
azimuth: 1.17810
