azimuth: 0.05721945299278275
startx1: 7.572211265563965
startx2: 7.773499011993408
starty1: 1.7792056798934937
starty2: -1.7347744703292847
