startx1: 42.37226
starty1: -13.76758
startx2: 48.07859
starty2: -15.62168
startPoseX: 43.37133
startPoseY: -20.40097
startPoseHeading: 1.25664
azimuth: 1.25664
