startx1: 20.76795
starty1: -11.99038
startx2: 24.23205
starty2: -13.99038
startPoseX: 19.50001
startPoseY: -18.18653
startPoseHeading: 1.04720
azimuth: 1.04720
