azimuth: 0.017326699268707557
startx1: 7.751186370849609
startx2: 7.822457790374756
starty1: 1.610018253326416
starty2: -2.5029571056365967
